date,close,open,vwap
2016-02-01,1.5642,1.5841,1.570994009640929
2016-02-02,1.6194,1.5687,1.6133439083078427
2016-02-03,1.6278,1.5979,1.6078558916359922
2016-02-04,1.655,1.6262,1.6543972533914064
2016-02-05,1.6435,1.6604,1.6585797106649633
2016-02-15,1.6461,1.5979,1.6246530334248173
2016-02-16,1.7139,1.6483,1.6995660855940267
2016-02-17,1.7307,1.7094,1.7204010702970385
2016-02-18,1.7223,1.7397,1.7381465852146454
2016-02-19,1.729,1.7184,1.7278174423080541
2016-02-22,1.7672,1.7478,1.7572079644350935
2016-02-23,1.7585,1.768,1.7534815312652103
2016-02-24,1.7669,1.7425,1.754826218891868
2016-02-25,1.6228,1.7666,1.705224236177437
2016-02-26,1.6374,1.6292,1.6284105603164105
2016-02-29,1.5362,1.6264,1.552699055951475
2016-03-01,1.5816,1.5519,1.5666179025413631
2016-03-02,1.6679,1.5707,1.6381355418600738
2016-03-03,1.6665,1.6733,1.6835215215073442
2016-03-04,1.6172,1.6719,1.6465180511959367
2016-03-07,1.6629,1.6343,1.659069499552194
2016-03-08,1.673,1.6545,1.6402743745072077
2016-03-09,1.6264,1.6399,1.6391571208746714
2016-03-10,1.5973,1.6259,1.6209601669433895
2016-03-11,1.597,1.588,1.5857459082340806
2016-03-14,1.6578,1.613,1.6557238689700626
2016-03-15,1.6354,1.6525,1.6436514595367688
2016-03-16,1.6175,1.6528,1.6288665919111263
2016-03-17,1.6705,1.6206,1.657091869946479
2016-03-18,1.7369,1.8221,1.7303700885102165
2016-03-21,1.7725,1.7498,1.7578755001488966
2016-03-22,1.7641,1.7627,1.7685278996325713
2016-03-23,1.7809,1.7607,1.763477820113612
2016-03-24,1.7453,1.7548,1.765085711679514
2016-03-25,1.7674,1.7445,1.7561835549704592
2016-03-28,1.7526,1.7739,1.7838153481306902
2016-03-29,1.7223,1.7484,1.7350232223054984
2016-03-30,1.805,1.7352,1.7632675087106082
2016-03-31,1.7907,1.7969,1.7953494512156032
2016-04-01,1.7848,1.7882,1.776084651378914
2016-04-05,1.826,1.7848,1.8138681918553998
2016-04-06,1.8373,1.8221,1.8289576011631186
2016-04-07,1.8148,1.8401,1.8270962503518264
2016-04-08,1.7983,1.807,1.7906655813739913
2016-04-11,1.8305,1.8137,1.8316991619644112
2016-04-12,1.8218,1.8291,1.8161934582163217
2016-04-13,1.8507,1.8308,1.8606602668504426
2016-04-14,1.863,1.8614,1.8557822392287107
2016-04-15,1.8605,1.8636,1.855983332525162
2016-04-18,1.8286,1.8501,1.8277548415222784
2016-04-19,1.8319,1.8342,1.831509470753525
2016-04-20,1.7512,1.8395,1.7588225754036868
2016-04-21,1.7372,1.7352,1.7515489222919716
2016-04-22,1.7475,1.7296,1.736113863975045
2016-04-25,1.7389,1.7394,1.7310613949355074
2016-04-26,1.7616,1.7366,1.7449928660101721
2016-04-27,1.7526,1.7621,1.7609265673660834
2016-04-28,1.7383,1.7439,1.7333826811788544
2016-04-29,1.7408,1.7372,1.7426935994099833
2016-05-03,1.7966,1.7408,1.7752320341876024
2016-05-04,1.7966,1.793,1.7987037416174134
2016-05-05,1.8092,1.7913,1.8001600896854075
2016-05-06,1.738,1.8078,1.773376222343895
2016-05-09,1.6747,1.7299,1.6866166253002026
2016-05-10,1.6693,1.6735,1.6718852901734549
2016-05-11,1.6663,1.6733,1.6777955377141327
2016-05-12,1.6668,1.6483,1.6515637974872168
2016-05-13,1.6612,1.6595,1.6697689323768883
2016-05-16,1.6912,1.6626,1.669252874431908
2016-05-17,1.6887,1.6918,1.6920184141163823
2016-05-18,1.6421,1.678,1.6491403006613434
2016-05-19,1.6503,1.6329,1.6587461354073292
2016-05-20,1.6724,1.6438,1.656854904807936
2016-05-23,1.6906,1.6735,1.6875836648764657
2016-05-24,1.6749,1.6878,1.6738324067980765
2016-05-25,1.6649,1.6834,1.6785709239872708
2016-05-26,1.673,1.6609,1.6561355508931712
2016-05-27,1.6744,1.6702,1.6749576475001056
2016-05-30,1.6668,1.6668,1.6698817229517589
2016-05-31,1.7403,1.6671,1.717143706797354
2016-06-01,1.7408,1.7453,1.7461315557935313
2016-06-02,1.7551,1.7383,1.7478093089530677
2016-06-03,1.7658,1.756,1.761663455325907
2016-06-06,1.77,1.7649,1.7654264923148657
2016-06-07,1.7683,1.7621,1.7628416862404248
2016-06-08,1.7632,1.7677,1.7607483386872476
2016-06-13,1.6783,1.7377,1.7168570136721728
2016-06-14,1.6859,1.6791,1.679374898228951
2016-06-15,1.74,1.6663,1.7359904198720455
2016-06-16,1.7332,1.74,1.7378026976178487
2016-06-17,1.7467,1.7355,1.7466908301000001
2016-06-20,1.7489,1.7436,1.7412286564362962
2016-06-21,1.7282,1.7604,1.7553809503906392
2016-06-22,1.761,1.722,1.7423756732127142
2016-06-23,1.7512,1.7599,1.7503534324822037
2016-06-24,1.7257,1.7501,1.7247825759850575
2016-06-27,1.7753,1.717,1.7576141998743782
2016-06-28,1.7918,1.7649,1.7770486071729408
2016-06-29,1.7921,1.7921,1.7930203744340891
2016-06-30,1.7932,1.7918,1.7900469106043997
2016-07-01,1.7907,1.7969,1.7984041419245835
2016-07-04,1.8263,1.766,1.8163293253750934
2016-07-05,1.8356,1.8274,1.83062271455689
2016-07-06,1.8465,1.8347,1.8357825700240007
2016-07-07,1.8538,1.8448,1.8483054204520208
2016-07-08,1.8465,1.8529,1.8509486964018527
2016-07-11,1.8513,1.8507,1.8623145690101244
2016-07-12,1.8745,1.8476,1.8515823589574596
2016-07-13,1.8877,1.8782,1.8844882574687565
2016-07-14,1.8942,1.8843,1.8876894953818222
2016-07-15,1.8897,1.8908,1.8901156518552797
2016-07-18,1.8821,1.881,1.8824145038944775
2016-07-19,1.8815,1.8801,1.8764841709688511
2016-07-20,1.8785,1.8827,1.8842015637729341
2016-07-21,1.8874,1.8779,1.892466332255865
2016-07-22,1.8754,1.8846,1.877024393205892
2016-07-25,1.8782,1.87,1.8765384428871437
2016-07-26,1.9048,1.8754,1.8924412482281276
2016-07-27,1.8207,1.9048,1.8375055510992608
2016-07-28,1.8294,1.8168,1.8201763556916681
2016-07-29,1.8165,1.8238,1.8221678737580405
2016-08-01,1.7893,1.8047,1.7854006413051113
2016-08-02,1.8067,1.7857,1.794720272829907
2016-08-03,1.8129,1.8025,1.8087664863240671
2016-08-04,1.8238,1.8112,1.8187410601249392
2016-08-05,1.8179,1.8246,1.8240794319119782
2016-08-08,1.8431,1.8137,1.8292983668731937
2016-08-09,1.8616,1.8375,1.8494819167651966
2016-08-10,1.8524,1.8591,1.8554697173235735
2016-08-11,1.8218,1.8459,1.833880480759322
2016-08-12,1.8476,1.8218,1.8354935744406526
2016-08-15,1.886,1.8476,1.8722727170307842
2016-08-16,1.8947,1.8866,1.8937556280297299
2016-08-17,1.8992,1.8922,1.8987592655473868
2016-08-18,1.8998,1.9012,1.905233579750078
2016-08-19,1.9,1.9006,1.9008326998998746
2016-08-22,1.879,1.8992,1.895744168218663
2016-08-23,1.8835,1.8757,1.8830813690596768
2016-08-24,1.8846,1.881,1.8890032273791648
2016-08-25,1.872,1.8796,1.862848376448535
2016-08-26,1.8813,1.8731,1.8837619255817268
2016-08-29,1.8846,1.881,1.8810979425103902
2016-08-30,1.8835,1.8838,1.8857424167889139
2016-08-31,1.8866,1.8829,1.880285268711322
2016-09-01,1.8689,1.8852,1.8767337148880208
2016-09-02,1.86,1.8689,1.8653996296410205
2016-09-05,1.8731,1.8642,1.873719635305188
2016-09-06,1.9068,1.8726,1.8911010166827236
2016-09-07,1.9023,1.9073,1.9108428131636517
2016-09-08,1.9129,1.9023,1.9057898062497858
2016-09-09,1.8944,1.9127,1.9058332700262612
2016-09-12,1.8426,1.8661,1.8577385633339893
2016-09-13,1.8507,1.8515,1.8497165863739689
2016-09-14,1.8389,1.8423,1.8443347300245183
2016-09-19,1.8614,1.8473,1.854974386706949
2016-09-20,1.8577,1.8574,1.8569398050081967
2016-09-21,1.863,1.8572,1.8630939974812355
2016-09-22,1.8731,1.8712,1.8765858820065506
2016-09-23,1.87,1.879,1.8727123636919263
2016-09-26,1.8342,1.8664,1.8453587691071514
2016-09-27,1.8445,1.8283,1.8324417435791052
2016-09-28,1.8423,1.8426,1.8413739631752644
2016-09-29,1.8521,1.8423,1.8519476102439425
2016-09-30,1.8597,1.8457,1.8543654699044851
2016-10-10,1.8953,1.8647,1.8791630036817113
2016-10-11,1.9012,1.8998,1.896179073344475
2016-10-12,1.8998,1.8978,1.897659659822253
2016-10-13,1.902,1.8992,1.9024806906445373
2016-10-14,1.8984,1.8978,1.8946093798999966
2016-10-17,1.8838,1.897,1.8940447291467915
2016-10-18,1.9118,1.8829,1.897600371615725
2016-10-19,1.9034,1.916,1.9090118852065134
2016-10-20,1.9045,1.9059,1.9048627504288342
2016-10-21,1.9017,1.9023,1.897035469753064
2016-10-24,1.9166,1.9017,1.9144496111405138
2016-10-25,1.9236,1.9177,1.9200413772967633
2016-10-26,1.9155,1.9219,1.916475966148652
2016-10-27,1.9118,1.9132,1.9101518954431054
2016-10-28,1.8972,1.9121,1.9078782228684887
2016-10-31,1.8905,1.895,1.8865063480235935
2016-11-01,1.9104,1.8902,1.901622698487793
2016-11-02,1.8914,1.9062,1.9006513159263503
2016-11-03,1.9006,1.8866,1.9017031280634147
2016-11-04,1.8947,1.8958,1.898718498561889
2016-11-07,1.8961,1.8925,1.8961577477727147
2016-11-08,1.9087,1.8995,1.9076026800585595
2016-11-09,1.8911,1.9087,1.8951094193512312
2016-11-10,1.9191,1.9048,1.9131764695185296
2016-11-11,1.9342,1.9174,1.9246937110173883
2016-11-14,1.9382,1.9314,1.9406536927908058
2016-11-15,1.9452,1.9424,1.943656730749939
2016-11-16,1.9471,1.9463,1.9495695128083745
2016-11-17,1.9474,1.9452,1.941355430991824
2016-11-18,1.9384,1.9474,1.9425171675633317
2016-11-21,1.9382,1.937,1.9409979878736563
2016-11-22,1.9555,1.9393,1.9468525124040397
2016-11-23,1.9435,1.9595,1.9521490464875315
2016-11-24,1.9398,1.941,1.9434356680121865
2016-11-25,1.9494,1.9401,1.9320896467181068
2016-11-28,1.9547,1.9513,1.9553349863686682
2016-11-29,1.9435,1.9544,1.9513568004419979
2016-11-30,1.9317,1.9398,1.9352226470605385
2016-12-01,1.9429,1.9314,1.9374897046195858
2016-12-02,1.9121,1.9359,1.9284580491840395
2016-12-05,1.8995,1.8978,1.9027390590493674
2016-12-06,1.902,1.904,1.904945076254769
2016-12-07,1.9247,1.902,1.9106651182610794
2016-12-08,1.9152,1.923,1.9184389685661707
2016-12-09,1.9101,1.9096,1.9132871677862928
2016-12-12,1.833,1.9062,1.8584695382965093
2016-12-13,1.8384,1.8328,1.825645663997532
2016-12-14,1.8272,1.8384,1.8338237454971325
2016-12-15,1.8387,1.8249,1.8352811087730285
2016-12-16,1.8504,1.8387,1.8482239221702779
2016-12-19,1.8518,1.8513,1.8514580515545491
2016-12-20,1.844,1.8518,1.8441769586890018
2016-12-21,1.8591,1.8465,1.8543571856070102
2016-12-22,1.856,1.8574,1.8533443901703504
2016-12-23,1.8429,1.856,1.8476079999328103
2016-12-26,1.8437,1.8429,1.8307381167896222
2016-12-27,1.8471,1.8445,1.845769935272649
2016-12-28,1.8387,1.844,1.8419437879653904
2016-12-29,1.8375,1.8319,1.839451731393227
2016-12-30,1.837,1.8336,1.8393812102271205
2017-01-03,1.8529,1.8381,1.8512578671162292
2017-01-04,1.8757,1.8535,1.868190903674223
2017-01-05,1.8748,1.8757,1.8757307764350613
2017-01-06,1.8661,1.872,1.8695306570927688
2017-01-09,1.8804,1.8639,1.8747838576511953
2017-01-10,1.8734,1.8807,1.879130456803452
2017-01-11,1.8586,1.8754,1.8660632940651567
2017-01-12,1.8358,1.8577,1.845460857674066
2017-01-13,1.8157,1.8361,1.8277984381578447
2017-01-16,1.7641,1.8145,1.773136469895384
2017-01-17,1.7795,1.7646,1.7640008129431448
2017-01-18,1.7806,1.7795,1.7839221139327248
2017-01-19,1.7745,1.7778,1.7781263434162846
2017-01-20,1.7972,1.7689,1.7907194044859003
2017-01-23,1.8145,1.793,1.8083958109776008
2017-01-24,1.8067,1.8109,1.8090955850669075
2017-01-25,1.8137,1.8011,1.8113236961452381
2017-01-26,1.826,1.8165,1.8206641237333985
2017-02-03,1.8202,1.8263,1.818957619315257
2017-02-06,1.8358,1.8204,1.827080274485865
2017-02-07,1.833,1.8328,1.8314306993641063
2017-02-08,1.8454,1.8305,1.8357943781584591
2017-02-09,1.8543,1.8462,1.8527141069673392
2017-02-10,1.8583,1.8566,1.8566103374453125
2017-02-13,1.8656,1.8608,1.8630934872628022
2017-02-14,1.867,1.8647,1.8638611301788865
2017-02-15,1.8496,1.8658,1.8594230983283944
2017-02-16,1.8616,1.849,1.858160597905147
2017-02-17,1.8487,1.8614,1.8552410236719823
2017-02-20,1.8729,1.8487,1.862476727707267
2017-02-21,1.8874,1.8689,1.881961798934713
2017-02-22,1.8961,1.8905,1.8934677776485276
2017-02-23,1.8989,1.8964,1.8936700463871967
2017-02-24,1.8995,1.8975,1.8946472667088183
2017-02-27,1.8838,1.8958,1.8943007953113231
2017-02-28,1.8902,1.8838,1.8857631758515079
2017-03-01,1.8964,1.8874,1.8946432214779199
2017-03-02,1.8874,1.8936,1.8913483924814793
2017-03-03,1.8914,1.8785,1.8869056510963733
2017-03-06,1.9093,1.9012,1.907087317086706
2017-03-07,1.9143,1.9079,1.908812113687684
2017-03-08,1.9073,1.9096,1.9060438679861715
2017-03-09,1.8846,1.9065,1.8892826114147225
2017-03-10,1.8905,1.8843,1.8906082076451438
2017-03-13,1.911,1.8883,1.8986585108292757
2017-03-14,1.902,1.9118,1.905961851883393
2017-03-15,1.9003,1.8998,1.9015695606432208
2017-03-16,1.9174,1.9023,1.9155259513414258
2017-03-17,1.8984,1.9191,1.9159082372913674
2017-03-20,1.9045,1.8975,1.899042712720169
2017-03-21,1.9127,1.9034,1.9043346907952403
2017-03-22,1.9056,1.911,1.9020944186328919
2017-03-23,1.9096,1.9042,1.906217675995886
2017-03-24,1.9216,1.9093,1.9162257767715067
2017-03-27,1.9101,1.9216,1.9166956920983687
2017-03-28,1.9059,1.909,1.9064089950007432
2017-03-29,1.8995,1.9045,1.9042861639443696
2017-03-30,1.8709,1.8939,1.8783158020290116
2017-03-31,1.8745,1.8689,1.8732700289761148
2017-04-05,1.9227,1.8885,1.9124459243565757
2017-04-06,1.9222,1.923,1.9195229752015666
2017-04-07,1.9256,1.9222,1.9232234176613534
2017-04-10,1.9236,1.9242,1.925855148487848
2017-04-11,1.9452,1.9233,1.9303640624344067
2017-04-12,1.93,1.9455,1.9366317581561916
2017-04-13,1.9413,1.9284,1.9392462781689939
2017-04-14,1.9155,1.9398,1.9264943769874812
2017-04-17,1.8939,1.9107,1.8992044704011222
2017-04-18,1.8852,1.8908,1.8934624657293464
2017-04-19,1.863,1.8776,1.857262348225411
2017-04-20,1.8622,1.8642,1.8606962496257475
2017-04-21,1.8507,1.8602,1.8571522426234206
2017-04-24,1.8008,1.8457,1.813234921109774
2017-04-25,1.8064,1.8008,1.8114117849353464
2017-04-26,1.8098,1.8047,1.8119361691195934
2017-04-27,1.8162,1.8064,1.793558149516044
2017-04-28,1.8224,1.8159,1.8177605538733652
2017-05-02,1.8204,1.8221,1.8193441225113398
2017-05-03,1.819,1.8187,1.8201149086692148
2017-05-04,1.8103,1.8151,1.816977724435674
2017-05-05,1.7896,1.8073,1.7998252368500522
2017-05-08,1.7565,1.7876,1.770066654994242
2017-05-09,1.7632,1.752,1.7516487163649446
2017-05-10,1.7302,1.7627,1.7471060348790501
2017-05-11,1.7251,1.7276,1.7121036998668737
2017-05-12,1.7204,1.722,1.7179644280436766
2017-05-15,1.729,1.724,1.7304045501075263
2017-05-16,1.7652,1.7296,1.744191296974248
2017-05-17,1.77,1.7652,1.7719643956456896
2017-05-18,1.7534,1.7588,1.7617096027534118
2017-05-19,1.7529,1.7534,1.7529925986018904
2017-05-22,1.7271,1.752,1.745588343318284
2017-05-23,1.696,1.7268,1.7097594175067128
2017-05-24,1.7033,1.6904,1.68711946483949
2017-05-25,1.7161,1.7038,1.707172034104277
2017-05-26,1.7176,1.7161,1.7198833116529353
2017-05-31,1.708,1.738,1.7262458922263024
2017-06-01,1.6775,1.7055,1.6969399300223487
2017-06-02,1.6962,1.671,1.683250801440835
2017-06-05,1.7063,1.7013,1.7069335609651692
2017-06-06,1.7142,1.7033,1.708902273383368
2017-06-07,1.7515,1.7147,1.740132745721977
2017-06-08,1.7506,1.7518,1.7498768908469384
2017-06-09,1.7568,1.7503,1.7505713678523631
2017-06-12,1.7352,1.7503,1.742443037668769
2017-06-13,1.7599,1.7332,1.7548835206977236
2017-06-14,1.754,1.7599,1.7574527213175302
2017-06-15,1.7697,1.7523,1.7676878792987876
2017-06-16,1.7686,1.7708,1.7692286819920349
2017-06-19,1.7815,1.7689,1.779114645327809
2017-06-20,1.7868,1.7831,1.7878371676538884
2017-06-21,1.7899,1.7879,1.783281603961474
2017-06-22,1.7644,1.7918,1.7850864572192733
2017-06-23,1.7697,1.766,1.7604430941809293
2017-06-26,1.8019,1.7694,1.7894773515056916
2017-06-27,1.7972,1.8031,1.7989963833479041
2017-06-28,1.7916,1.7935,1.7927568282395645
2017-06-29,1.8022,1.7918,1.801963337072292
2017-06-30,1.8078,1.8008,1.8025246824321994
2017-07-03,1.8199,1.8067,1.8164103559985163
2017-07-04,1.8123,1.8187,1.8126197124917776
2017-07-05,1.8235,1.8109,1.8171825742814094
2017-07-06,1.8235,1.8235,1.823276122129712
2017-07-07,1.835,1.8193,1.8276009007676084
2017-07-10,1.8288,1.835,1.8334544141438693
2017-07-11,1.8087,1.8274,1.818810182049414
2017-07-12,1.8061,1.8047,1.7961880224864248
2017-07-13,1.8081,1.8047,1.8089471130199315
2017-07-14,1.8033,1.8084,1.8049292864631052
2017-07-17,1.7327,1.7977,1.7498798840475116
2017-07-18,1.7484,1.729,1.7361832029998396
2017-07-19,1.7876,1.745,1.767130537963412
2017-07-20,1.796,1.7862,1.7966388669880915
2017-07-21,1.8025,1.7916,1.8018025184862456
2017-07-24,1.8165,1.8022,1.8124661393181207
2017-07-25,1.8159,1.8171,1.8105816402723836
2017-07-26,1.8126,1.8131,1.808740710322081
2017-07-27,1.8241,1.8112,1.8185351304664792
2017-07-28,1.8342,1.8185,1.8320407455432957
2017-07-31,1.8594,1.8339,1.843312505601045
2017-08-01,1.8543,1.86,1.852853153857211
2017-08-02,1.8459,1.8546,1.8513551923793163
2017-08-03,1.8468,1.8429,1.8499173985855488
2017-08-04,1.8361,1.8445,1.8499597899762894
2017-08-07,1.8622,1.8322,1.8503290431136878
2017-08-08,1.8602,1.8622,1.8611909867666896
2017-08-09,1.8726,1.8597,1.8650441904046113
2017-08-10,1.8572,1.8698,1.8593045967520434
2017-08-11,1.8224,1.8507,1.8325811610189584
2017-08-14,1.8594,1.8165,1.8454789979139707
2017-08-15,1.8605,1.8558,1.859065443143776
2017-08-16,1.8628,1.8594,1.8584433340705704
2017-08-17,1.8813,1.8619,1.8716399485764221
2017-08-18,1.8731,1.8731,1.8717601346032064
2017-08-21,1.8914,1.8779,1.8861907783167007
2017-08-22,1.8838,1.8894,1.885287924861543
2017-08-23,1.8692,1.8801,1.8725854853715624
2017-08-24,1.8555,1.8689,1.861954039547311
2017-08-25,1.8751,1.8552,1.8724277108588814
2017-08-28,1.8964,1.8782,1.8948346698138623
2017-08-29,1.89,1.8964,1.8932229508595755
2017-08-30,1.9031,1.8894,1.8986706460368854
2017-08-31,1.9096,1.9034,1.904676878593826
2017-09-01,1.9292,1.9104,1.9215162823072458
2017-09-04,1.937,1.9286,1.9323310604641355
2017-09-05,1.9384,1.937,1.9330105096394523
2017-09-06,1.9491,1.934,1.9423103683213259
2017-09-07,1.9348,1.9491,1.945227147060248
2017-09-08,1.941,1.9342,1.939979944983562
2017-09-11,1.9645,1.9413,1.9524344844148258
2017-09-12,1.96,1.9662,1.971797784664804
2017-09-13,1.9732,1.9584,1.9658446096259978
2017-09-14,1.969,1.9724,1.9707273835312986
2017-09-15,1.9539,1.967,1.9559976347365653
2017-09-18,1.9724,1.9536,1.9661570771543728
2017-09-19,1.9555,1.9715,1.9599560939849212
2017-09-20,1.9757,1.9398,1.9656905399373514
2017-09-21,1.9527,1.9743,1.9625168506277546
2017-09-22,1.9382,1.9455,1.9380366859231275
2017-09-25,1.9146,1.9342,1.9287187432052242
2017-09-26,1.923,1.9143,1.9176169621727948
2017-09-27,1.9404,1.923,1.9370714585386068
2017-09-28,1.941,1.9398,1.9400041842613154
2017-09-29,1.9527,1.941,1.9493240055953482
2017-10-09,1.9732,1.9777,1.9735317476270857
2017-10-10,1.9797,1.9763,1.9721729223621707
2017-10-11,1.9687,1.9802,1.9724388340431926
2017-10-12,1.9651,1.9673,1.963630831129071
2017-10-13,1.9805,1.9623,1.9744199891676657
2017-10-16,1.9519,1.9819,1.9620227829129928
2017-10-17,1.9488,1.9491,1.9512101053303974
2017-10-18,1.939,1.9505,1.9475413237318748
2017-10-19,1.9194,1.9379,1.9274984333521505
2017-10-20,1.9387,1.9141,1.929754660177494
2017-10-23,1.9519,1.9373,1.9398351491081929
2017-10-24,1.9499,1.9505,1.9447592048862468
2017-10-25,1.9609,1.9499,1.9544225321476887
2017-10-26,1.9642,1.9595,1.965933754280493
2017-10-27,1.96,1.9642,1.9597119524581113
2017-10-30,1.9199,1.9575,1.9250771238356463
2017-10-31,1.934,1.9188,1.9235561714197498
2017-11-01,1.9292,1.9337,1.9381907125188436
2017-11-02,1.9101,1.9278,1.9167748145699153
2017-11-03,1.8933,1.9107,1.9038492518564845
2017-11-06,1.9197,1.8936,1.9037853776290512
2017-11-07,1.9309,1.9197,1.9229069387956574
2017-11-08,1.9345,1.9314,1.9399427255412276
2017-11-09,1.9505,1.9345,1.939111443286423
2017-11-10,1.9567,1.9491,1.9532417723691282
2017-11-13,1.9654,1.9575,1.9622158383403294
2017-11-14,1.9511,1.9668,1.9591615898007173
2017-11-15,1.9272,1.948,1.9333268695339911
2017-11-16,1.9323,1.9261,1.9315426857876983
2017-11-17,1.881,1.9323,1.9057471383357836
2017-11-20,1.8953,1.8757,1.8653417983927256
2017-11-21,1.9031,1.8953,1.8977985956907841
2017-11-22,1.895,1.9031,1.9009306372357162
2017-11-23,1.8479,1.8939,1.8769231250110188
2017-11-24,1.8515,1.844,1.8525690809390958
2017-11-27,1.8269,1.8501,1.8425595359881777
2017-11-28,1.8558,1.8263,1.8436539803580192
2017-11-29,1.8616,1.8566,1.85624572637311
2017-11-30,1.849,1.8586,1.8550533286652273
2017-12-01,1.8616,1.8501,1.859201849321917
2017-12-04,1.851,1.8549,1.8581737916766694
2017-12-05,1.8106,1.8448,1.8260218435286102
2017-12-06,1.8187,1.814,1.8068882264901682
2017-12-07,1.8078,1.8137,1.8149943541853923
2017-12-08,1.8277,1.8081,1.8249198574787033
2017-12-11,1.8546,1.8319,1.8470843899445066
2017-12-12,1.8387,1.8549,1.8500217084894621
2017-12-13,1.8546,1.8389,1.84593620479038
2017-12-14,1.8588,1.8541,1.8532968525311937
2017-12-15,1.844,1.8591,1.8438329908582136
2017-12-18,1.83,1.844,1.836292726311699
2017-12-19,1.8443,1.8311,1.842129851594926
2017-12-20,1.8302,1.8445,1.8359225719644552
2017-12-21,1.8406,1.8252,1.8377211470411556
2017-12-22,1.8406,1.8375,1.844523723237323
2017-12-25,1.8238,1.8445,1.831831006645745
2017-12-26,1.8358,1.8241,1.8286299252500855
2017-12-27,1.819,1.8356,1.8281707510709664
2017-12-28,1.8286,1.8162,1.8304789998884208
2017-12-29,1.8471,1.8286,1.8398135528244723
2018-01-02,1.8717,1.8529,1.8624596618062874
2018-01-03,1.8838,1.8723,1.8795038353382254
2018-01-04,1.8911,1.8838,1.8867193987651685
2018-01-05,1.8944,1.8914,1.8928085503560887
2018-01-08,1.9031,1.8947,1.8986337601797727
2018-01-09,1.9014,1.902,1.8990356156721906
2018-01-10,1.8919,1.9006,1.8887732633020435
2018-01-11,1.8964,1.8866,1.891880478165225
2018-01-12,1.8869,1.8939,1.8919855526514198
2018-01-15,1.8465,1.8824,1.856287473839274
2018-01-16,1.8563,1.8454,1.8536963576050594
2018-01-17,1.8457,1.8566,1.8428371625487747
2018-01-18,1.8527,1.842,1.852336912432608
2018-01-19,1.8473,1.8504,1.8541652654791791
2018-01-22,1.8709,1.8451,1.8615442263539603
2018-01-23,1.8734,1.8726,1.8731117965170974
2018-01-24,1.8877,1.8743,1.881164136595577
2018-01-25,1.8849,1.8883,1.8901819326707776
2018-01-26,1.8866,1.8843,1.8861427168715676
2018-01-29,1.8622,1.8852,1.8734452116526097
2018-01-30,1.8619,1.8622,1.8641799722755
2018-01-31,1.8224,1.8563,1.8329340385045687
2018-02-01,1.7677,1.8224,1.7901240093715558
2018-02-02,1.7669,1.7632,1.7539122017486612
2018-02-05,1.7638,1.7459,1.7591389563823516
2018-02-06,1.6839,1.7352,1.7210694675839515
2018-02-07,1.6859,1.7111,1.6917704165666028
2018-02-08,1.7007,1.6859,1.6993902905037308
2018-02-09,1.636,1.6539,1.6473168013809327
2018-02-12,1.6803,1.6427,1.6735410132096542
2018-02-13,1.6906,1.6848,1.696081024871156
2018-02-14,1.6962,1.6923,1.6886077174575764
2018-02-22,1.7316,1.7069,1.7216088238460598
2018-02-23,1.7341,1.7302,1.7307895598113756
2018-02-26,1.7809,1.7436,1.768150373137521
2018-02-27,1.7728,1.7812,1.7783425560455153
2018-02-28,1.7733,1.759,1.7733220467759157
2018-03-01,1.7977,1.7703,1.7840915368029757
2018-03-02,1.789,1.7899,1.7899590896577335
2018-03-05,1.7868,1.789,1.7830101738827198
2018-03-06,1.8109,1.7893,1.8002662589878151
2018-03-07,1.7938,1.812,1.8030517943635838
2018-03-08,1.8101,1.7921,1.8006730947944412
2018-03-09,1.8344,1.8106,1.8228592310517868
2018-03-12,1.8543,1.8437,1.8497625481744373
2018-03-13,1.8457,1.8541,1.8495130968426192
2018-03-14,1.8221,1.842,1.8341008320229553
2018-03-15,1.8187,1.8165,1.8154952159577846
2018-03-16,1.8087,1.8202,1.8212158245671255
2018-03-19,1.8157,1.8193,1.815665782353059
2018-03-20,1.8165,1.7986,1.8074457193698155
2018-03-21,1.8016,1.8185,1.8225177257019014
2018-03-22,1.8014,1.8042,1.80256385403059
2018-03-23,1.7077,1.7618,1.7285841744656074
2018-03-26,1.7419,1.6881,1.7084973525942748
2018-03-27,1.7815,1.7529,1.76914840372838
2018-03-28,1.7613,1.7548,1.767324657982189
2018-03-29,1.7798,1.7627,1.7667381161478375
2018-03-30,1.8033,1.784,1.7924545110553032
2018-04-02,1.8008,1.8081,1.810094331880583
2018-04-03,1.7865,1.7798,1.7795821317837262
2018-04-04,1.7719,1.7879,1.7895264433993798
2018-04-09,1.7747,1.7703,1.773991298272315
2018-04-10,1.7885,1.7747,1.7755861727052487
2018-04-11,1.7916,1.791,1.7965259712422383
2018-04-12,1.782,1.791,1.7872275040386523
2018-04-13,1.7761,1.7896,1.7822509857747895
2018-04-16,1.7708,1.7745,1.7729526155405597
2018-04-17,1.7391,1.7736,1.7584519705239332
2018-04-18,1.7582,1.7515,1.7420644044159448
2018-04-19,1.7666,1.7579,1.771272229199556
2018-04-20,1.7355,1.7655,1.752197810480725
2018-04-23,1.7167,1.7375,1.719724003056515
2018-04-24,1.7532,1.7187,1.7456114801835978
2018-04-25,1.7548,1.7506,1.7527784547539589
2018-04-26,1.7234,1.7562,1.7385704983483146
2018-04-27,1.731,1.733,1.7267127173139738
2018-05-02,1.7265,1.7344,1.7297771071341415
2018-05-03,1.7433,1.7167,1.7275318049520436
2018-05-04,1.7422,1.7419,1.743343648768719
2018-05-07,1.7759,1.7431,1.766359259187138
2018-05-08,1.7843,1.7801,1.7792303731198982
2018-05-09,1.7773,1.7854,1.7777825532504763
2018-05-10,1.7845,1.7778,1.7791545427110507
2018-05-11,1.7705,1.7865,1.7766564522548411
2018-05-14,1.7621,1.7705,1.7706249430514471
2018-05-15,1.7789,1.7632,1.767455420784272
2018-05-16,1.7745,1.7759,1.7769424973128105
2018-05-17,1.7632,1.7745,1.7675157531085424
2018-05-18,1.7745,1.7624,1.7629655775976276
2018-05-21,1.7944,1.7798,1.7919346963663194
2018-05-22,1.8016,1.7935,1.79501502271239
2018-05-23,1.7778,1.8005,1.7839318254018681
2018-05-24,1.7722,1.7778,1.7764704008084287
2018-05-25,1.7487,1.7725,1.7555346756821817
2018-05-28,1.7453,1.7475,1.7460707793578254
2018-05-29,1.7234,1.7433,1.738665240291771
2018-05-30,1.6839,1.7058,1.6961337996092147
2018-05-31,1.7038,1.6929,1.6959351890278422
2018-06-01,1.6839,1.6993,1.6849638922300052
2018-06-04,1.6836,1.6876,1.6823521029072293
2018-06-05,1.7122,1.6831,1.6967324161069504
2018-06-06,1.7105,1.7114,1.7085056139877322
2018-06-07,1.7013,1.7142,1.7053098856440931
2018-06-08,1.6805,1.6988,1.679154267514673
2018-06-11,1.6702,1.6786,1.6716068705309424
2018-06-12,1.6839,1.671,1.6754001355141828
2018-06-13,1.6601,1.6817,1.6707869075479376
2018-06-14,1.6573,1.6567,1.6579627787138607
2018-06-15,1.6278,1.657,1.6303812203162271
2018-06-19,1.5247,1.6077,1.5505715857834734
2018-06-20,1.5381,1.5188,1.5261704933934312
2018-06-21,1.511,1.5387,1.5320908545037255
2018-06-22,1.5306,1.5025,1.5175781890177402
2018-06-25,1.5166,1.539,1.5303418604802232
2018-06-26,1.5297,1.5081,1.5189026453108552
2018-06-27,1.509,1.5297,1.5203216048664203
2018-06-28,1.4978,1.5079,1.515189151225252
2018-06-29,1.5505,1.5025,1.5327559424133685
2018-07-02,1.5255,1.5502,1.5362633644390582
2018-07-03,1.5415,1.5269,1.5275798832690564
2018-07-04,1.5205,1.537,1.524056951575927
2018-07-05,1.4801,1.5188,1.5009482123449818
2018-07-06,1.4807,1.4793,1.4823350730713656
2018-07-09,1.5188,1.4874,1.5055267485094792
2018-07-10,1.5269,1.5194,1.5197835611496477
2018-07-11,1.4981,1.5006,1.492079596802157
2018-07-12,1.5418,1.4978,1.531119126028202
2018-07-13,1.5457,1.5415,1.5427884612009735
2018-07-16,1.5474,1.5466,1.54163022473455
2018-07-17,1.5421,1.5474,1.5355021239423075
2018-07-18,1.5348,1.5446,1.544007522642892
2018-07-19,1.5219,1.5334,1.525339873095296
2018-07-20,1.5407,1.5146,1.5288485697756513
2018-07-23,1.5522,1.5331,1.5427905655130387
2018-07-24,1.5782,1.5541,1.573896586403218
2018-07-25,1.5785,1.5779,1.5796657873509772
2018-07-26,1.5693,1.5788,1.5702830296567967
2018-07-27,1.5611,1.5651,1.5640677597238042
2018-07-30,1.5376,1.5611,1.5464907138962871
2018-07-31,1.5409,1.5373,1.5418422236580094
2018-08-01,1.5168,1.5435,1.5405697692426887
2018-08-02,1.4818,1.5143,1.4811199676720372
2018-08-03,1.4675,1.481,1.4776053442495038
2018-08-06,1.4367,1.465,1.443607575737417
2018-08-07,1.4723,1.4397,1.4515223656633012
2018-08-08,1.4535,1.4664,1.4599186901035819
2018-08-09,1.4902,1.4445,1.483275365371375
2018-08-10,1.4964,1.4843,1.4906947246504683
2018-08-13,1.5056,1.4857,1.4913283472942793
2018-08-14,1.4981,1.5025,1.4967146135179683
2018-08-15,1.4683,1.4969,1.4764423157449622
2018-08-16,1.4554,1.4577,1.4591828274936267
2018-08-17,1.4294,1.4661,1.4461358910728903
2018-08-20,1.4375,1.4297,1.427849896294108
2018-08-21,1.4521,1.4375,1.4497591792257283
2018-08-22,1.4426,1.4535,1.4439330830175239
2018-08-23,1.4496,1.4423,1.4472758114166915
2018-08-24,1.4442,1.4437,1.4453083169048038
2018-08-27,1.4801,1.4479,1.4700054758652952
2018-08-28,1.4818,1.4818,1.4797514838739856
2018-08-29,1.4742,1.4773,1.4718428292133916
2018-08-30,1.4521,1.4728,1.4576611101527774
2018-08-31,1.4361,1.449,1.4400042734132967
2018-09-03,1.4428,1.4336,1.428120064787401
2018-09-04,1.4532,1.4392,1.451023767907916
2018-09-05,1.4344,1.4501,1.4459263986046087
2018-09-06,1.428,1.4297,1.4352861073396332
2018-09-07,1.4257,1.4316,1.4367614513052789
2018-09-10,1.4039,1.4241,1.4103957200390342
2018-09-11,1.4019,1.4047,1.4012032664581733
2018-09-12,1.3974,1.4019,1.4026781435659914
2018-09-13,1.4053,1.4112,1.4026154978585834
2018-09-14,1.3904,1.4072,1.398001578082473
2018-09-17,1.3736,1.3848,1.3741041436851684
2018-09-18,1.3938,1.3697,1.3812072987969184
2018-09-19,1.4103,1.3899,1.4076891844416557
2018-09-20,1.41,1.4114,1.4124454708091807
2018-09-21,1.4369,1.4117,1.4254086754364443
2018-09-25,1.4291,1.426,1.4270662273725527
2018-09-26,1.4319,1.4274,1.436222071319142
2018-09-27,1.417,1.4316,1.4252808361403981
2018-09-28,1.4358,1.4173,1.426544101872977
2018-10-08,1.3854,1.4044,1.39982743969237
2018-10-09,1.3812,1.3865,1.384618096448001
2018-10-10,1.3809,1.382,1.3803396246555042
2018-10-11,1.2766,1.3442,1.30777842050703
2018-10-12,1.2716,1.2746,1.2628771414570017
2018-10-15,1.2497,1.2755,1.2675932188665229
2018-10-16,1.2264,1.25,1.2369930759849137
2018-10-17,1.2317,1.2404,1.229816865568839
2018-10-18,1.2046,1.2247,1.2101256777709484
2018-10-19,1.2295,1.1964,1.209656139888292
2018-10-22,1.3013,1.2615,1.2806366422971702
2018-10-23,1.2699,1.3013,1.2831311174961748
2018-10-24,1.2662,1.2662,1.2682429463562204
2018-10-25,1.2659,1.2306,1.2399551801052997
2018-10-26,1.2598,1.2682,1.2692586457500397
2018-10-29,1.2446,1.2623,1.2515418741535869
2018-10-30,1.2561,1.2402,1.2499976909503787
2018-10-31,1.2752,1.2578,1.2758919032936404
2018-11-01,1.2842,1.2881,1.294388425749469
2018-11-02,1.3315,1.3259,1.3153103968524849
2018-11-05,1.3248,1.3245,1.3197220226808375
2018-11-06,1.3273,1.3175,1.3159598282431655
2018-11-07,1.3147,1.3276,1.3273571215026434
2018-11-08,1.306,1.3257,1.315245767821314
2018-11-09,1.3066,1.301,1.3065660517704312
2018-11-12,1.3408,1.3041,1.3303665536421423
2018-11-13,1.3674,1.3259,1.3545747628736007
2018-11-14,1.3613,1.3641,1.364808968575968
2018-11-15,1.3854,1.3601,1.3722808298784912
2018-11-16,1.3938,1.3876,1.393285120648343
2018-11-19,1.3943,1.3918,1.3875787352024593
2018-11-20,1.3573,1.3814,1.3719975673968738
2018-11-21,1.3604,1.3394,1.3515618008089898
2018-11-22,1.3604,1.3632,1.3612667520756425
2018-11-23,1.3027,1.3573,1.3245218375065884
2018-11-26,1.3052,1.3052,1.306710295542089
2018-11-27,1.3119,1.3119,1.3121606800863999
2018-11-28,1.3313,1.3125,1.317739294353364
2018-11-29,1.3044,1.3386,1.3261623982219068
2018-11-30,1.3116,1.3021,1.301404810662223
2018-12-03,1.3534,1.3475,1.3496685088379903
2018-12-04,1.3587,1.3512,1.3540473790917245
2018-12-05,1.3498,1.3402,1.3463557054705202
2018-12-06,1.3206,1.3386,1.3295282404259703
2018-12-07,1.3209,1.322,1.323189944717516
2018-12-10,1.3046,1.3142,1.3085872877343956
2018-12-11,1.3186,1.3088,1.3142410133010851
2018-12-12,1.3156,1.3231,1.3210954868753277
2018-12-13,1.3352,1.3203,1.3337717538817042
2018-12-14,1.3063,1.3324,1.3152876629818866
2018-12-17,1.2993,1.2985,1.295968395164828
2018-12-18,1.2898,1.2923,1.2885882624017602
2018-12-19,1.271,1.2906,1.280981152022986
2018-12-20,1.2788,1.2704,1.2750840684891303
2018-12-21,1.2721,1.2746,1.2686193705352005
2018-12-24,1.283,1.2699,1.2787973140249618
2018-12-25,1.2662,1.2702,1.2567838512160572
2018-12-26,1.2617,1.2645,1.2632997125239045
2018-12-27,1.246,1.2808,1.2649721884764205
2018-12-28,1.2477,1.2488,1.2495721737512957
2019-01-02,1.236,1.2502,1.241693755988956
2019-01-03,1.2329,1.2376,1.239490304490679
2019-01-04,1.2665,1.2245,1.2482300741751116
2019-01-07,1.2884,1.2713,1.2799990439919802
2019-01-08,1.2856,1.2864,1.2841423470890845
2019-01-09,1.2847,1.2895,1.2973634889183057
2019-01-10,1.287,1.2842,1.2894692481998522
2019-01-11,1.2937,1.2867,1.2896292900762045
2019-01-14,1.287,1.294,1.2885997720687543
2019-01-15,1.3049,1.2867,1.2965006909224002
2019-01-16,1.3027,1.3049,1.3051339896789562
2019-01-17,1.2923,1.3032,1.2973821904719514
2019-01-18,1.306,1.2937,1.3003849938006151
2019-01-21,1.3108,1.308,1.313432692523198
2019-01-22,1.2917,1.3088,1.297084428949995
2019-01-23,1.2931,1.2881,1.2913760809916532
2019-01-24,1.3021,1.2934,1.3006226718754492
2019-01-25,1.2957,1.3013,1.303076780536109
2019-01-28,1.2912,1.3035,1.3022273604571641
2019-01-29,1.2741,1.2892,1.2726643234338562
2019-01-30,1.2648,1.2676,1.273568364287016
2019-01-31,1.2567,1.2651,1.26222574871533
2019-02-01,1.2945,1.2603,1.279476373113822
2019-02-11,1.3226,1.2951,1.3091516308448286
2019-02-12,1.3296,1.3223,1.3291514608360586
2019-02-13,1.354,1.3301,1.3451201535039032
2019-02-14,1.3596,1.3537,1.356048674957786
2019-02-15,1.35,1.3551,1.3562401549525716
2019-02-18,1.4033,1.3568,1.3853963908373004
2019-02-19,1.3971,1.4044,1.3999882208051404
2019-02-20,1.3943,1.3988,1.3941549947002596
2019-02-21,1.3957,1.3957,1.4043567850152245
2019-02-22,1.4397,1.3963,1.4123957965057752
2019-02-25,1.5359,1.4627,1.4873914279103788
2019-02-26,1.5154,1.5334,1.521989892338372
2019-02-27,1.5034,1.5135,1.5109713046924407
2019-02-28,1.5048,1.5031,1.5056957441179128
2019-03-01,1.5227,1.5112,1.5055959677370332
2019-03-04,1.5435,1.5278,1.549592397365392
2019-03-05,1.5883,1.5407,1.5613255490072164
2019-03-06,1.6194,1.5942,1.5961007318646971
2019-03-07,1.6326,1.62,1.6240726951706403
2019-03-08,1.5788,1.5841,1.6043544280767994
2019-03-11,1.6365,1.5816,1.6102464680371544
2019-03-12,1.6632,1.6463,1.6558724061175598
2019-03-13,1.6239,1.6609,1.6437023690884334
2019-03-14,1.5861,1.6091,1.593243341241188
2019-03-15,1.6035,1.5939,1.6046278251232953
2019-03-18,1.6548,1.6096,1.6253668173665885
2019-03-19,1.6517,1.6559,1.6516891977758217
2019-03-20,1.652,1.6492,1.640878238583411
2019-03-21,1.6702,1.6525,1.6763163172641484
2019-03-22,1.6881,1.6721,1.6710354375921277
2019-03-25,1.6637,1.6564,1.6720769966372435
2019-03-26,1.6138,1.671,1.6360484704405702
2019-03-27,1.6337,1.6242,1.6209995264757604
2019-03-28,1.6107,1.627,1.6264097905848454
2019-03-29,1.6657,1.6113,1.6382950109216454
2019-04-01,1.7316,1.6775,1.7146548499433112
2019-04-02,1.7302,1.752,1.738243239003286
2019-04-03,1.7503,1.7212,1.7383293505757127
2019-04-04,1.7663,1.7602,1.757170418486267
2019-04-08,1.7464,1.7787,1.7534055377257811
2019-04-09,1.754,1.7439,1.748600075569139
2019-04-10,1.7498,1.7464,1.7461173388180662
2019-04-11,1.7201,1.7495,1.7346959879635624
2019-04-12,1.7156,1.7184,1.7139628728859213
2019-04-15,1.6929,1.7375,1.7239239678170892
2019-04-16,1.733,1.6845,1.7005528949460225
2019-04-17,1.7361,1.7332,1.7347103642728563
2019-04-18,1.7302,1.7358,1.7349246079622662
2019-04-19,1.745,1.7276,1.726606948838798
2019-04-22,1.7164,1.745,1.7261927478053407
2019-04-23,1.6842,1.7122,1.6950283036669174
2019-04-24,1.7007,1.6859,1.6870562661349522
2019-04-25,1.6402,1.6923,1.669327518836793
2019-04-26,1.625,1.6393,1.635158130218142
2019-04-29,1.585,1.6259,1.5997959873791026
2019-04-30,1.59,1.5802,1.5913350819994212
2019-05-06,1.4728,1.5281,1.5011131721676163
2019-05-07,1.4857,1.488,1.4822614762838782
2019-05-08,1.4793,1.4605,1.4839324740780382
2019-05-09,1.4686,1.4717,1.474780116385185
2019-05-10,1.5182,1.4849,1.4973824877984414
2019-05-13,1.4961,1.4944,1.4988454824764588
2019-05-14,1.4902,1.4871,1.495199192076524
2019-05-15,1.5199,1.4992,1.5101241435434887
2019-05-16,1.5337,1.5191,1.5288172900318475
2019-05-17,1.4857,1.5345,1.5059942347862496
2019-05-20,1.4745,1.479,1.4659772519657734
2019-05-21,1.4992,1.4751,1.4957654233448467
2019-05-22,1.4944,1.4983,1.4938206906741127
2019-05-23,1.4655,1.4885,1.4732577385001935
2019-05-24,1.4574,1.4644,1.46050544181554
2019-05-27,1.4891,1.4588,1.4763283731364243
2019-05-28,1.486,1.4902,1.4923964640782585
2019-05-29,1.4866,1.4829,1.4884349739292957
2019-05-30,1.4821,1.4801,1.4725338955766007
2019-05-31,1.4748,1.4776,1.4822433512964375
2019-06-03,1.4633,1.481,1.46889429995305
2019-06-04,1.4437,1.4605,1.4487807412269733
2019-06-05,1.4386,1.4552,1.4477413138433541
2019-06-06,1.4064,1.4389,1.4192345670561914
2019-06-10,1.4212,1.4106,1.420690457331851
2019-06-11,1.4801,1.4215,1.4597249209924255
2019-06-12,1.4644,1.4759,1.4699473264647134
2019-06-13,1.4692,1.4608,1.466085648115386
2019-06-14,1.447,1.4692,1.4596926405693387
2019-06-17,1.4465,1.4462,1.4464035822648786
2019-06-18,1.4431,1.447,1.4437023846481958
2019-06-19,1.4616,1.4815,1.4755508894660814
2019-06-20,1.4922,1.4605,1.4836561646891693
2019-06-21,1.5115,1.5196,1.5140306367628416
2019-06-24,1.5112,1.5129,1.5095055349606648
2019-06-25,1.4964,1.5098,1.490679218802764
2019-06-26,1.4961,1.4857,1.4964059829205922
2019-06-27,1.509,1.4975,1.5089017776365967
2019-06-28,1.4947,1.5056,1.4933192999449438
2019-07-01,1.5359,1.5244,1.5290810600795528
2019-07-02,1.5306,1.5325,1.5309731349619098
2019-07-03,1.5219,1.5272,1.5208246768410634
2019-07-04,1.5154,1.5227,1.5181964036147475
2019-07-05,1.523,1.5138,1.5181334366479717
2019-07-08,1.4692,1.5152,1.4827447144727268
2019-07-09,1.4709,1.4689,1.4686116214089813
2019-07-10,1.4625,1.4734,1.4664405595782428
2019-07-11,1.463,1.4669,1.4697276597718116
2019-07-12,1.4697,1.4602,1.4671690739971748
2019-07-15,1.486,1.4681,1.4766976019595706
2019-07-16,1.4896,1.4824,1.48800937323233
2019-07-17,1.4868,1.488,1.4907020130938338
2019-07-18,1.4658,1.4818,1.472153317097596
2019-07-19,1.4748,1.4695,1.4766388403790325
2019-07-22,1.4468,1.4742,1.4537716275878645
2019-07-23,1.4574,1.4468,1.4539832139928268
2019-07-24,1.4711,1.4622,1.4742816491256687
2019-07-25,1.4782,1.4697,1.4738670508696983
2019-07-26,1.4815,1.4745,1.475814769851633
2019-07-29,1.4801,1.481,1.4779748914598791
2019-07-30,1.4888,1.4804,1.4926389686686914
2019-07-31,1.4852,1.4857,1.4849915079790805
2019-08-01,1.4748,1.4793,1.4753913687795412
2019-08-02,1.4549,1.4445,1.449182781061223
2019-08-05,1.4392,1.4482,1.4488186718169511
2019-08-06,1.4053,1.4159,1.403623993531598
2019-08-07,1.3991,1.412,1.4060810003709867
2019-08-08,1.407,1.4044,1.4056867556031025
2019-08-09,1.3938,1.4117,1.4031919764955016
2019-08-12,1.419,1.396,1.4028580020935628
2019-08-13,1.4098,1.4061,1.4065293972401198
2019-08-14,1.4162,1.4238,1.424298036515223
2019-08-15,1.4229,1.3896,1.406190639720353
2019-08-16,1.4271,1.4212,1.4290662050422918
2019-08-19,1.4798,1.4389,1.4615614608531715
2019-08-20,1.4737,1.4798,1.4796267192450028
2019-08-21,1.4762,1.4734,1.4741932159359628
2019-08-22,1.4779,1.4782,1.473748403779083
2019-08-23,1.4787,1.4776,1.477884334909471
2019-08-26,1.4683,1.4602,1.4640570814318867
2019-08-27,1.4902,1.4742,1.4934469325530033
2019-08-28,1.4896,1.4899,1.489820624786943
2019-08-29,1.4939,1.4916,1.4922885116487186
2019-08-30,1.4815,1.502,1.4900738459057774
2019-09-02,1.516,1.4812,1.506165442932588
2019-09-03,1.5244,1.5166,1.5195113497311987
2019-09-04,1.5471,1.5233,1.532086039084173
2019-09-05,1.5569,1.553,1.5646738752446723
2019-09-06,1.5614,1.5592,1.5590108946180492
2019-09-09,1.5911,1.5718,1.5746525332841226
2019-09-10,1.5897,1.5903,1.5846874042904142
2019-09-11,1.5833,1.5911,1.585513803140673
2019-09-12,1.5875,1.5838,1.5855388061091729
2019-09-16,1.588,1.595,1.5901138791242637
2019-09-17,1.555,1.5838,1.5646983245606023
2019-09-18,1.5561,1.5552,1.5573094514787331
2019-09-19,1.5701,1.5564,1.5599239695408684
2019-09-20,1.5726,1.5712,1.5727330812944953
2019-09-23,1.5662,1.5701,1.5567531305149624
2019-09-24,1.5667,1.5639,1.5739671982178303
2019-09-25,1.5421,1.5589,1.5479907811854856
2019-09-26,1.507,1.5449,1.5240710221967775
2019-09-27,1.514,1.5096,1.5153515784777758
2019-09-30,1.4927,1.514,1.5032723809604298
2019-10-08,1.4961,1.4975,1.5039860866027188
2019-10-09,1.5093,1.4933,1.4990945066760402
2019-10-10,1.5258,1.5084,1.5172985629768745
2019-10-11,1.5337,1.5283,1.525325809146287
2019-10-14,1.551,1.5407,1.5510669998382032
2019-10-15,1.5323,1.546,1.535819638493783
2019-10-16,1.5233,1.5348,1.532099614576884
2019-10-17,1.5236,1.5227,1.525132978414056
2019-10-18,1.5025,1.5238,1.5166918589997203
2019-10-21,1.4997,1.5014,1.4935330154048088
2019-10-22,1.5138,1.5014,1.5060613210523306
2019-10-23,1.5048,1.5154,1.5077752203798689
2019-10-24,1.502,1.5039,1.5000360478993013
2019-10-25,1.5146,1.5023,1.502968690219668
2019-10-28,1.5353,1.5283,1.5301741858837528
2019-10-29,1.5166,1.5356,1.5235374606601888
2019-10-30,1.4978,1.5115,1.5011073957929473
2019-10-31,1.4899,1.4989,1.4967652824091011
2019-11-01,1.5042,1.488,1.4977324955830305
2019-11-04,1.5084,1.5034,1.5111893236598393
2019-11-05,1.5196,1.509,1.5171562718534732
2019-11-06,1.5065,1.518,1.510267241930512
2019-11-07,1.5163,1.5039,1.5139394173379885
2019-11-08,1.5107,1.5264,1.522593178090383
2019-11-11,1.4759,1.5025,1.4888317763064611
2019-11-12,1.4768,1.4768,1.4716319113695036
2019-11-13,1.4768,1.4765,1.4732529752350778
2019-11-14,1.4854,1.4742,1.482443489552624
2019-11-15,1.4765,1.4854,1.482894961864641
2019-11-18,1.4818,1.4745,1.4795386090296938
2019-11-19,1.5056,1.4818,1.49721748960151
2019-11-20,1.4961,1.5062,1.5038931824416353
2019-11-21,1.4983,1.4927,1.4960994131166596
2019-11-22,1.4829,1.4983,1.4995299657608732
2019-11-25,1.484,1.4821,1.4795219992262298
2019-11-26,1.479,1.4857,1.4820324153263489
2019-11-27,1.4857,1.4751,1.4866259023765542
2019-11-28,1.4829,1.484,1.48383998545061
2019-11-29,1.4829,1.4824,1.480667470815683
2019-12-02,1.4877,1.486,1.4875766128081036
2019-12-03,1.4941,1.4801,1.4829413134201879
2019-12-04,1.491,1.4866,1.48926940485798
2019-12-05,1.5051,1.4944,1.5016371052938997
2019-12-06,1.5196,1.5053,1.5098935399594144
2019-12-09,1.523,1.5205,1.5211687472244884
2019-12-10,1.53,1.5199,1.5232440351878536
2019-12-11,1.5241,1.5289,1.523391769668945
2019-12-12,1.521,1.5238,1.5243691887507227
2019-12-13,1.5418,1.5334,1.5341783631347619
2019-12-16,1.5662,1.5421,1.5530288806469525
2019-12-17,1.5908,1.5662,1.5844234399148873
2019-12-18,1.5894,1.5878,1.5938390574893353
2019-12-19,1.5934,1.5894,1.5895234866598769
2019-12-20,1.5777,1.5934,1.5855432712959856
2019-12-23,1.5415,1.5718,1.5592936332315388
2019-12-24,1.5648,1.5443,1.5551424536743916
2019-12-25,1.5718,1.5625,1.5681428553457246
2019-12-26,1.5836,1.5698,1.5742558256429158
2019-12-27,1.5709,1.5852,1.584219472037766
2019-12-30,1.5928,1.5679,1.580629309761122
2019-12-31,1.5993,1.5897,1.5939078921314878
2020-01-02,1.6295,1.6141,1.6233896342299872
2020-01-03,1.6326,1.6295,1.6315296234869603
2020-01-06,1.6511,1.6281,1.6491856748102034
2020-01-07,1.6724,1.6506,1.661267225920849
2020-01-08,1.6492,1.6618,1.6578610231472761
2020-01-09,1.6699,1.6618,1.6642171796574863
2020-01-10,1.6629,1.6735,1.6632589922362426
2020-01-13,1.6906,1.6637,1.6720017325240497
2020-01-14,1.6834,1.692,1.689332150700112
2020-01-15,1.6783,1.6811,1.676734790836565
2020-01-16,1.6805,1.6791,1.6800310406708125
2020-01-17,1.671,1.6825,1.6778206989850264
2020-01-20,1.699,1.6735,1.685590397388573
2020-01-21,1.6791,1.6932,1.6822035565097675
2020-01-22,1.692,1.6707,1.6718932511095366
2020-01-23,1.629,1.6755,1.6545660427155666
2020-02-03,1.4967,1.4983,1.4959469597522574
2020-02-04,1.5219,1.4967,1.5027785451846871
2020-02-05,1.5547,1.5227,1.5475183134344572
2020-02-06,1.6009,1.5586,1.5844828995255689
2020-02-07,1.6164,1.5993,1.602409661545802
2020-02-10,1.6321,1.6107,1.619008411652311
2020-02-11,1.6248,1.6315,1.6249383762658307
2020-02-12,1.6578,1.622,1.6403973612765375
2020-02-13,1.643,1.6553,1.64744939736897
2020-02-14,1.6449,1.6371,1.6468717334472835
2020-02-17,1.7007,1.6522,1.677717971764682
2020-02-18,1.7145,1.7016,1.7050592206395225
2020-02-19,1.7007,1.7139,1.7087654297892616
2020-02-20,1.7327,1.7013,1.7151898600968252
2020-02-21,1.7602,1.7282,1.7494226798457593
2020-02-24,1.7764,1.7537,1.7668374645448293
2020-02-25,1.7882,1.7484,1.7577131304006872
2020-02-26,1.7428,1.7655,1.7650697743239576
2020-02-27,1.7422,1.745,1.747061057753247
2020-02-28,1.6556,1.699,1.6772034712598107
2020-03-02,1.7161,1.6693,1.7022427381352536
2020-03-03,1.7279,1.7436,1.7443329282464608
2020-03-04,1.7335,1.7161,1.7171713263501984
2020-03-05,1.7557,1.7576,1.7500998900808442
2020-03-06,1.7456,1.7355,1.7500553478896017
2020-03-09,1.6811,1.7184,1.6987073853831318
2020-03-10,1.7184,1.6651,1.6871672409461818
2020-03-11,1.6932,1.7232,1.7158326701327822
2020-03-12,1.6713,1.673,1.6688370811047282
2020-03-13,1.6592,1.5984,1.6286861334323646
2020-03-16,1.5788,1.6618,1.6203556910070374
2020-03-17,1.5819,1.5976,1.5724936470981186
2020-03-18,1.558,1.5892,1.5902582614859486
2020-03-19,1.5721,1.5586,1.5510262721880603
2020-03-20,1.5836,1.5802,1.5746163266159385
2020-03-23,1.5202,1.5418,1.5336137420072649
2020-03-24,1.5418,1.5466,1.5355174877356759
2020-03-25,1.5791,1.5729,1.5737229660453707
2020-03-26,1.5639,1.5698,1.5710665808019106
2020-03-27,1.5572,1.581,1.5719439120135048
2020-03-30,1.5272,1.5418,1.5253157955526224
2020-03-31,1.5272,1.5404,1.533330439690827
2020-04-01,1.5216,1.5236,1.5345506962382127
2020-04-02,1.5667,1.5182,1.5389533325800537
2020-04-03,1.548,1.5569,1.5521661516438117
2020-04-07,1.5939,1.5751,1.5883918513739415
2020-04-08,1.5987,1.588,1.5941217757913773
2020-04-09,1.6136,1.606,1.6109529787816774
2020-04-10,1.5844,1.6119,1.5918003268071907
2020-04-13,1.5681,1.5729,1.5686941190400436
2020-04-14,1.6018,1.5749,1.5898067130212359
2020-04-15,1.5987,1.6021,1.605381226382119
2020-04-16,1.6113,1.5936,1.6041747279163705
2020-04-17,1.6133,1.6208,1.6235812025541252
2020-04-20,1.6307,1.6133,1.6230902745636777
2020-04-21,1.6203,1.6236,1.6126765650993393
2020-04-22,1.6354,1.6063,1.6188406450452357
2020-04-23,1.627,1.6357,1.6304789969517037
2020-04-24,1.6029,1.6208,1.6079890564056278
2020-04-27,1.5973,1.6026,1.6026087195335472
2020-04-28,1.585,1.5973,1.5761770411540759
2020-04-29,1.588,1.5838,1.5900465983049337
2020-04-30,1.6278,1.5945,1.62000225213584
2020-05-06,1.6531,1.6175,1.6381928491196927
2020-05-07,1.6511,1.6531,1.6527809067143429
2020-05-08,1.6721,1.6601,1.669317117988866
2020-05-11,1.6657,1.6733,1.6685594331745757
2020-05-12,1.6699,1.6637,1.6657713066463575
2020-05-13,1.6786,1.6677,1.6702747402325682
2020-05-14,1.6699,1.6733,1.6703831338298802
2020-05-15,1.673,1.6702,1.6768059431297981
2020-05-18,1.6643,1.6747,1.6704129671393118
2020-05-19,1.6831,1.6735,1.6794692687171864
2020-05-20,1.6699,1.6808,1.6757077139115533
2020-05-21,1.65,1.671,1.6604846273966438
2020-05-22,1.6217,1.6438,1.6299132974893766
2020-05-25,1.615,1.6208,1.617916521957942
2020-05-26,1.6452,1.6245,1.6379166544675268
2020-05-27,1.6349,1.6466,1.6383047885130233
2020-05-28,1.6304,1.6335,1.6255860328952527
2020-05-29,1.6438,1.6236,1.6391148000084683
2020-06-01,1.699,1.6542,1.6866294997589593
2020-06-02,1.6974,1.7044,1.6954271955329978
2020-06-03,1.6946,1.7016,1.7017050826161277
2020-06-04,1.6976,1.6993,1.696732998558361
2020-06-05,1.7016,1.6976,1.6966100971506608
2020-06-08,1.6979,1.7086,1.7040430028838116
2020-06-09,1.708,1.6982,1.7050072424502987
2020-06-10,1.7103,1.708,1.7063670240377102
2020-06-11,1.7072,1.7103,1.7133892942169857
2020-06-12,1.7075,1.6791,1.6997547025265918
2020-06-15,1.7055,1.7058,1.7156365492529966
2020-06-16,1.7363,1.7176,1.7289655459523194
2020-06-17,1.7503,1.7405,1.742646850891237
2020-06-18,1.7548,1.7501,1.7513225232629703
2020-06-19,1.7677,1.7548,1.7651741741095492
2020-06-22,1.7666,1.7669,1.771530255390818
2020-06-23,1.7745,1.7666,1.768667567274006
2020-06-24,1.7747,1.7747,1.7720414813118768
2020-06-29,1.7669,1.7731,1.7657368871419221
2020-06-30,1.793,1.7697,1.790627812491091
2020-07-01,1.8008,1.798,1.7955642546891328
2020-07-02,1.833,1.8002,1.8195505835627284
2020-07-03,1.8574,1.8344,1.8448399881220883
2020-07-06,1.9457,1.8712,1.9186775669455824
2020-07-07,1.9651,1.9656,1.9720757925990662
2020-07-08,2.0043,1.9606,1.983612815371436
2020-07-09,2.0579,2.0024,2.036317336951065
2020-07-10,2.0548,2.0475,2.0596075921305452
2020-07-13,2.1201,2.0567,2.096668234296751
2020-07-14,2.0921,2.1187,2.088051715542394
2020-07-15,2.0483,2.0918,2.0617478388389743
2020-07-16,1.946,2.0453,2.0066898360421295
2020-07-17,1.9474,1.946,1.9525109395741223
2020-07-20,2.0046,1.9679,1.977580657031405
2020-07-21,2.0158,2.0094,2.0117260951460696
2020-07-22,2.0354,2.0136,2.0397784018701866
2020-07-23,2.0332,2.0183,2.0144167080996103
2020-07-24,1.9368,2.027,1.9805229782473754
2020-07-27,1.9356,1.9398,1.9391570603760484
2020-07-28,1.9555,1.9497,1.9519106889180609
2020-07-29,2.0111,1.9443,1.9843366294254694
2020-07-30,2.004,2.0122,2.0081035021747344
2020-07-31,2.0251,2.0035,2.0208639462649054
2020-08-03,2.0738,2.0374,2.057348548342583
2020-08-04,2.0615,2.0747,2.067626843968163
2020-08-05,2.0811,2.0618,2.0685235342422668
2020-08-06,2.0865,2.0814,2.0747770901405587
2020-08-07,2.0604,2.0803,2.0558157390353107
2020-08-10,2.0702,2.0492,2.0623457205971025
2020-08-11,2.0329,2.0649,2.0617408819472933
2020-08-12,2.0071,2.0239,1.9953444192607848
2020-08-13,2.0164,2.0125,2.0162411245354
2020-08-14,2.045,2.0167,2.0286888325423402
2020-08-17,2.0741,2.0444,2.062900566527751
2020-08-18,2.089,2.0733,2.08704405966991
2020-08-19,2.0537,2.0887,2.070404136998377
2020-08-20,2.0335,2.0551,2.0391683711609003
2020-08-21,2.0455,2.0366,2.049745539579543
2020-08-24,2.0565,2.052,2.052662180770625
2020-08-25,2.0461,2.0604,2.05449352412664
2020-08-26,2.0116,2.0438,2.0229028357517893
2020-08-27,2.0296,2.0116,2.017179826031318
2020-08-28,2.064,2.0262,2.0477444643426908
2020-08-31,2.0537,2.0708,2.072024778098972
2020-09-01,2.0682,2.0492,2.0569240097841655
2020-09-02,2.0668,2.0694,2.0616478229963775
2020-09-03,2.0556,2.0657,2.062810055568322
2020-09-04,2.0416,2.0329,2.028810994783509
2020-09-07,1.999,2.0363,2.025961256636245
2020-09-08,2.0116,2.0012,2.000616745202998
2020-09-09,1.9614,1.9911,1.9728988486914691
2020-09-10,1.9278,1.9715,1.9489964658069205
2020-09-11,1.9441,1.9166,1.9346693170488087
2020-09-14,1.9589,1.9558,1.9542760053559356
2020-09-15,1.9668,1.9544,1.9590404958860743
2020-09-16,1.9606,1.967,1.9598559489703895
2020-09-17,1.9648,1.9539,1.9587545165145979
2020-09-18,2.0004,1.9623,1.982468318543008
2020-09-21,1.9861,1.9987,1.9925776546966085
2020-09-22,1.9614,1.9749,1.975460471330367
2020-09-23,1.971,1.9626,1.9681947699960523
2020-09-24,1.9328,1.9581,1.938769478321219
2020-09-25,1.927,1.9331,1.9278001657367947
2020-09-28,1.909,1.9314,1.9153339883175136
2020-09-29,1.923,1.9146,1.92779739037393
2020-09-30,1.9099,1.9244,1.9152884386479538
2020-10-09,1.9595,1.9393,1.9592300248153434
2020-10-12,2.0195,1.9735,2.001916337576169
2020-10-13,2.02,2.0141,2.009931650069264
2020-10-14,2.0111,2.0172,2.011810317311404
2020-10-15,1.9959,2.0082,2.000506828596274
2020-10-16,1.985,1.999,1.9866194832518194
2020-10-19,1.9656,1.9959,1.973711747212199
2020-10-20,1.9819,1.9612,1.9656550169366622
2020-10-21,1.9656,1.9791,1.964757369709678
2020-10-22,1.9533,1.9595,1.9480231745697303
2020-10-23,1.9213,1.9488,1.9393509386797274
2020-10-26,1.9197,1.9197,1.9137128414726745
2020-10-27,1.9191,1.9101,1.91602817841292
2020-10-28,1.9303,1.9191,1.9189993653651498
2020-10-29,1.9331,1.9113,1.9282516300147623
2020-10-30,1.8894,1.9328,1.9116090311484535
2020-11-02,1.8961,1.8908,1.8966779849376707
2020-11-03,1.9258,1.9037,1.918562532215668
2020-11-04,1.9256,1.9258,1.921057370556394
2020-11-05,1.9637,1.9401,1.950723171690203
2020-11-06,1.9491,1.9637,1.9432718709027714
2020-11-09,1.9811,1.9567,1.9815090159962885
2020-11-10,1.9676,1.9886,1.9698514374436427
2020-11-11,1.9438,1.9623,1.9566231981418776
2020-11-12,1.9502,1.9452,1.9497637822103695
2020-11-13,1.9508,1.9449,1.9407327232119511
2020-11-16,1.9732,1.9544,1.9648313527336758
2020-11-17,1.96,1.9715,1.9575143045570769
2020-11-18,1.9584,1.9589,1.9636754001503445
2020-11-19,1.9693,1.9553,1.9612237077835732
2020-11-20,1.9858,1.9623,1.9794980404954896
2020-11-23,2.0007,1.9864,1.9977936875163123
2020-11-24,2.0001,2.0001,2.0017057136115355
2020-11-25,1.9682,2.0049,1.9815249408726014
2020-11-26,1.9623,1.9679,1.9563502154731558
2020-11-27,1.9704,1.9628,1.9560261348088515
2020-11-30,1.9558,1.9707,1.9689997375352064
2020-12-01,1.9872,1.953,1.97957377714412
2020-12-02,1.9889,1.9878,1.9840923373928157
2020-12-03,1.9956,1.9883,1.9858415467451926
2020-12-04,2.0029,1.9903,1.9921155202816234
2020-12-07,1.9883,2.0021,1.9911910505540478
2020-12-08,1.9858,1.9867,1.9910495114009568
2020-12-09,1.955,1.9875,1.9714558519983765
2020-12-10,1.9584,1.9452,1.954895579342605
2020-12-11,1.9264,1.9592,1.9320071991537355
2020-12-14,1.9407,1.9264,1.9304917605954894
2020-12-15,1.9427,1.9365,1.9377911151538034
2020-12-16,1.9354,1.9427,1.9361818054891085
2020-12-17,1.9589,1.9342,1.9457347006578762
2020-12-18,1.9522,1.9567,1.9543026903770353
2020-12-21,1.9833,1.9513,1.9787770069457304
2020-12-22,1.9452,1.9822,1.962155449807382
2020-12-23,1.9555,1.9455,1.9548386929422126
2020-12-24,1.9309,1.9547,1.9380162029249877
2020-12-25,1.9491,1.9247,1.9401283460994587
2020-12-28,1.937,1.946,1.9389035796442315
2020-12-29,1.9286,1.9382,1.9359073172575008
2020-12-30,1.9446,1.9267,1.9439267267281286
2020-12-31,1.9743,1.9508,1.9666288461651773
